   3.05   0.00   0.00  880.20    0.00  2.00000  0.00731  0.38300E+02  0.87124E-25  0.71496E+00  0.16604E-15  0.15190E-03  0.23500E+00
   3.05   0.00   0.00  880.20    0.00  2.07071  0.00756  0.38335E+02  0.87124E-25  0.71496E+00  0.17191E-15  0.14362E-03  0.23548E+00
   3.05   0.00   0.00  880.20    0.00  2.14141  0.00782  0.38368E+02  0.87124E-25  0.71496E+00  0.17778E-15  0.13607E-03  0.23594E+00
   3.05   0.00   0.00  880.20    0.00  2.21212  0.00808  0.38400E+02  0.87124E-25  0.71496E+00  0.18365E-15  0.12916E-03  0.23637E+00
   3.05   0.00   0.00  880.20    0.00  2.28283  0.00834  0.38432E+02  0.87124E-25  0.71496E+00  0.18952E-15  0.12281E-03  0.23679E+00
   3.05   0.00   0.00  880.20    0.00  2.35354  0.00860  0.38462E+02  0.87124E-25  0.71496E+00  0.19539E-15  0.11698E-03  0.23718E+00
   3.05   0.00   0.00  880.20    0.00  2.42424  0.00886  0.38491E+02  0.87124E-25  0.71496E+00  0.20126E-15  0.11159E-03  0.23756E+00
   3.05   0.00   0.00  880.20    0.00  2.49495  0.00911  0.38520E+02  0.87124E-25  0.71496E+00  0.20713E-15  0.10661E-03  0.23792E+00
   3.05   0.00   0.00  880.20    0.00  2.56566  0.00937  0.38548E+02  0.87124E-25  0.71496E+00  0.21300E-15  0.10200E-03  0.23827E+00
   3.05   0.00   0.00  880.20    0.00  2.63636  0.00963  0.38575E+02  0.87124E-25  0.71496E+00  0.21887E-15  0.97706E-04  0.23860E+00
   3.05   0.00   0.00  880.20    0.00  2.70707  0.00989  0.38601E+02  0.87124E-25  0.71496E+00  0.22474E-15  0.93710E-04  0.23892E+00
   3.05   0.00   0.00  880.20    0.00  2.77778  0.01015  0.38627E+02  0.87124E-25  0.71496E+00  0.23061E-15  0.89982E-04  0.23923E+00
   3.05   0.00   0.00  880.20    0.00  2.84848  0.01041  0.38652E+02  0.87124E-25  0.71496E+00  0.23648E-15  0.86496E-04  0.23953E+00
   3.05   0.00   0.00  880.20    0.00  2.91919  0.01066  0.38676E+02  0.87124E-25  0.71496E+00  0.24235E-15  0.83231E-04  0.23982E+00
   3.05   0.00   0.00  880.20    0.00  2.98990  0.01092  0.38700E+02  0.87124E-25  0.71496E+00  0.24822E-15  0.80169E-04  0.24009E+00
   3.05   0.00   0.00  880.20    0.00  3.06061  0.01118  0.38723E+02  0.87124E-25  0.71496E+00  0.25409E-15  0.77290E-04  0.24036E+00
   3.05   0.00   0.00  880.20    0.00  3.13131  0.01144  0.38746E+02  0.87124E-25  0.71496E+00  0.25996E-15  0.74580E-04  0.24063E+00
   3.05   0.00   0.00  880.20    0.00  3.20202  0.01170  0.38768E+02  0.87124E-25  0.71496E+00  0.26583E-15  0.72026E-04  0.24088E+00
   3.05   0.00   0.00  880.20    0.00  3.27273  0.01196  0.38789E+02  0.87124E-25  0.71496E+00  0.27170E-15  0.69615E-04  0.24112E+00
   3.05   0.00   0.00  880.20    0.00  3.34343  0.01221  0.38811E+02  0.87124E-25  0.71496E+00  0.27757E-15  0.67335E-04  0.24136E+00
   3.05   0.00   0.00  880.20    0.00  3.41414  0.01247  0.38832E+02  0.87124E-25  0.71496E+00  0.28344E-15  0.65178E-04  0.24159E+00
   3.05   0.00   0.00  880.20    0.00  3.48485  0.01273  0.38852E+02  0.87124E-25  0.71496E+00  0.28931E-15  0.63133E-04  0.24182E+00
   3.05   0.00   0.00  880.20    0.00  3.55556  0.01299  0.38872E+02  0.87124E-25  0.71496E+00  0.29518E-15  0.61192E-04  0.24204E+00
   3.05   0.00   0.00  880.20    0.00  3.62626  0.01325  0.38891E+02  0.87124E-25  0.71496E+00  0.30105E-15  0.59348E-04  0.24225E+00
   3.05   0.00   0.00  880.20    0.00  3.69697  0.01350  0.38911E+02  0.87124E-25  0.71496E+00  0.30692E-15  0.57595E-04  0.24246E+00
   3.05   0.00   0.00  880.20    0.00  3.76768  0.01376  0.38929E+02  0.87124E-25  0.71496E+00  0.31279E-15  0.55926E-04  0.24267E+00
   3.05   0.00   0.00  880.20    0.00  3.83838  0.01402  0.38948E+02  0.87124E-25  0.71496E+00  0.31866E-15  0.54335E-04  0.24287E+00
   3.05   0.00   0.00  880.20    0.00  3.90909  0.01428  0.38966E+02  0.87124E-25  0.71496E+00  0.32453E-15  0.52817E-04  0.24306E+00
   3.05   0.00   0.00  880.20    0.00  3.97980  0.01454  0.38984E+02  0.87124E-25  0.71496E+00  0.33040E-15  0.51368E-04  0.24325E+00
   3.05   0.00   0.00  880.20    0.00  4.05051  0.01480  0.39001E+02  0.87124E-25  0.71496E+00  0.33627E-15  0.49982E-04  0.24344E+00
   3.05   0.00   0.00  880.20    0.00  4.12121  0.01505  0.39019E+02  0.87124E-25  0.71496E+00  0.34214E-15  0.48657E-04  0.24362E+00
   3.05   0.00   0.00  880.20    0.00  4.19192  0.01531  0.39036E+02  0.87125E-25  0.71496E+00  0.34801E-15  0.47388E-04  0.24379E+00
   3.05   0.00   0.00  880.20    0.00  4.26263  0.01557  0.39052E+02  0.87125E-25  0.71496E+00  0.35388E-15  0.46172E-04  0.24397E+00
   3.05   0.00   0.00  880.20    0.00  4.33333  0.01583  0.39069E+02  0.87125E-25  0.71496E+00  0.35976E-15  0.45006E-04  0.24414E+00
   3.05   0.00   0.00  880.20    0.00  4.40404  0.01609  0.39085E+02  0.87125E-25  0.71496E+00  0.36563E-15  0.43887E-04  0.24431E+00
   3.05   0.00   0.00  880.20    0.00  4.47475  0.01635  0.39100E+02  0.87125E-25  0.71496E+00  0.37150E-15  0.42813E-04  0.24447E+00
   3.05   0.00   0.00  880.20    0.00  4.54545  0.01660  0.39116E+02  0.87125E-25  0.71496E+00  0.37737E-15  0.41780E-04  0.24463E+00
   3.05   0.00   0.00  880.20    0.00  4.61616  0.01686  0.39131E+02  0.87125E-25  0.71496E+00  0.38323E-15  0.40787E-04  0.24479E+00
   3.05   0.00   0.00  880.20    0.00  4.68687  0.01712  0.39146E+02  0.87125E-25  0.71496E+00  0.38911E-15  0.39830E-04  0.24494E+00
   3.05   0.00   0.00  880.20    0.00  4.75758  0.01738  0.39161E+02  0.87125E-25  0.71496E+00  0.39498E-15  0.38910E-04  0.24509E+00
   3.05   0.00   0.00  880.20    0.00  4.82828  0.01764  0.39176E+02  0.87125E-25  0.71496E+00  0.40085E-15  0.38023E-04  0.24524E+00
   3.05   0.00   0.00  880.20    0.00  4.89899  0.01790  0.39191E+02  0.87125E-25  0.71496E+00  0.40672E-15  0.37167E-04  0.24539E+00
   3.05   0.00   0.00  880.20    0.00  4.96970  0.01815  0.39205E+02  0.87125E-25  0.71496E+00  0.41259E-15  0.36342E-04  0.24553E+00
   3.05   0.00   0.00  880.20    0.00  5.04040  0.01841  0.39219E+02  0.87125E-25  0.71496E+00  0.41846E-15  0.35545E-04  0.24567E+00
   3.05   0.00   0.00  880.20    0.00  5.11111  0.01867  0.39233E+02  0.87125E-25  0.71496E+00  0.42433E-15  0.34776E-04  0.24581E+00
   3.05   0.00   0.00  880.20    0.00  5.18182  0.01893  0.39246E+02  0.87125E-25  0.71496E+00  0.43019E-15  0.34033E-04  0.24595E+00
   3.05   0.00   0.00  880.20    0.00  5.25253  0.01919  0.39260E+02  0.87125E-25  0.71496E+00  0.43607E-15  0.33314E-04  0.24608E+00
   3.05   0.00   0.00  880.20    0.00  5.32323  0.01944  0.39273E+02  0.87125E-25  0.71496E+00  0.44194E-15  0.32619E-04  0.24621E+00
   3.05   0.00   0.00  880.20    0.00  5.39394  0.01970  0.39286E+02  0.87125E-25  0.71496E+00  0.44781E-15  0.31945E-04  0.24634E+00
   3.05   0.00   0.00  880.20    0.00  5.46465  0.01996  0.39299E+02  0.87125E-25  0.71496E+00  0.45368E-15  0.31294E-04  0.24647E+00
   3.05   0.00   0.00  880.20    0.00  5.53535  0.02022  0.39312E+02  0.87125E-25  0.71496E+00  0.45955E-15  0.30663E-04  0.24660E+00
   3.05   0.00   0.00  880.20    0.00  5.60606  0.02048  0.39325E+02  0.87125E-25  0.71496E+00  0.46542E-15  0.30051E-04  0.24672E+00
   3.05   0.00   0.00  880.20    0.00  5.67677  0.02074  0.39337E+02  0.87125E-25  0.71496E+00  0.47129E-15  0.29458E-04  0.24684E+00
   3.05   0.00   0.00  880.20    0.00  5.74747  0.02099  0.39349E+02  0.87125E-25  0.71496E+00  0.47716E-15  0.28883E-04  0.24696E+00
   3.05   0.00   0.00  880.20    0.00  5.81818  0.02125  0.39362E+02  0.87125E-25  0.71496E+00  0.48303E-15  0.28325E-04  0.24708E+00
   3.05   0.00   0.00  880.20    0.00  5.88889  0.02151  0.39374E+02  0.87125E-25  0.71496E+00  0.48890E-15  0.27783E-04  0.24720E+00
   3.05   0.00   0.00  880.20    0.00  5.95960  0.02177  0.39385E+02  0.87125E-25  0.71496E+00  0.49477E-15  0.27257E-04  0.24732E+00
   3.05   0.00   0.00  880.20    0.00  6.03030  0.02203  0.39397E+02  0.87125E-25  0.71496E+00  0.50064E-15  0.26746E-04  0.24743E+00
   3.05   0.00   0.00  880.20    0.00  6.10101  0.02229  0.39409E+02  0.87125E-25  0.71496E+00  0.50651E-15  0.26249E-04  0.24754E+00
   3.05   0.00   0.00  880.20    0.00  6.17172  0.02254  0.39420E+02  0.87125E-25  0.71496E+00  0.51238E-15  0.25766E-04  0.24765E+00
   3.05   0.00   0.00  880.20    0.00  6.24242  0.02280  0.39431E+02  0.87125E-25  0.71496E+00  0.51825E-15  0.25296E-04  0.24776E+00
   3.05   0.00   0.00  880.20    0.00  6.31313  0.02306  0.39443E+02  0.87125E-25  0.71496E+00  0.52412E-15  0.24840E-04  0.24787E+00
   3.05   0.00   0.00  880.20    0.00  6.38384  0.02332  0.39454E+02  0.87125E-25  0.71496E+00  0.52999E-15  0.24395E-04  0.24798E+00
   3.05   0.00   0.00  880.20    0.00  6.45455  0.02358  0.39465E+02  0.87125E-25  0.71496E+00  0.53586E-15  0.23962E-04  0.24808E+00
   3.05   0.00   0.00  880.20    0.00  6.52525  0.02384  0.39476E+02  0.87125E-25  0.71496E+00  0.54173E-15  0.23541E-04  0.24818E+00
   3.05   0.00   0.00  880.20    0.00  6.59596  0.02409  0.39486E+02  0.87125E-25  0.71496E+00  0.54760E-15  0.23130E-04  0.24829E+00
   3.05   0.00   0.00  880.20    0.00  6.66667  0.02435  0.39497E+02  0.87125E-25  0.71496E+00  0.55347E-15  0.22730E-04  0.24839E+00
   3.05   0.00   0.00  880.20    0.00  6.73737  0.02461  0.39507E+02  0.87125E-25  0.71496E+00  0.55934E-15  0.22340E-04  0.24849E+00
   3.05   0.00   0.00  880.20    0.00  6.80808  0.02487  0.39518E+02  0.87125E-25  0.71496E+00  0.56521E-15  0.21960E-04  0.24859E+00
   3.05   0.00   0.00  880.20    0.00  6.87879  0.02513  0.39528E+02  0.87125E-25  0.71496E+00  0.57108E-15  0.21590E-04  0.24869E+00
   3.05   0.00   0.00  880.20    0.00  6.94949  0.02538  0.39538E+02  0.87125E-25  0.71496E+00  0.57695E-15  0.21228E-04  0.24878E+00
   3.05   0.00   0.00  880.20    0.00  7.02020  0.02564  0.39548E+02  0.87125E-25  0.71496E+00  0.58282E-15  0.20876E-04  0.24888E+00
   3.05   0.00   0.00  880.20    0.00  7.09091  0.02590  0.39558E+02  0.87125E-25  0.71496E+00  0.58869E-15  0.20532E-04  0.24897E+00
   3.05   0.00   0.00  880.20    0.00  7.16162  0.02616  0.39568E+02  0.87125E-25  0.71496E+00  0.59456E-15  0.20195E-04  0.24906E+00
   3.05   0.00   0.00  880.20    0.00  7.23232  0.02642  0.39578E+02  0.87125E-25  0.71496E+00  0.60043E-15  0.19867E-04  0.24916E+00
   3.05   0.00   0.00  880.20    0.00  7.30303  0.02668  0.39588E+02  0.87125E-25  0.71496E+00  0.60630E-15  0.19547E-04  0.24925E+00
   3.05   0.00   0.00  880.20    0.00  7.37374  0.02693  0.39597E+02  0.87125E-25  0.71496E+00  0.61217E-15  0.19234E-04  0.24934E+00
   3.05   0.00   0.00  880.20    0.00  7.44444  0.02719  0.39607E+02  0.87125E-25  0.71496E+00  0.61804E-15  0.18928E-04  0.24943E+00
   3.05   0.00   0.00  880.20    0.00  7.51515  0.02745  0.39616E+02  0.87125E-25  0.71496E+00  0.62391E-15  0.18629E-04  0.24952E+00
   3.05   0.00   0.00  880.20    0.00  7.58586  0.02771  0.39625E+02  0.87125E-25  0.71496E+00  0.62978E-15  0.18337E-04  0.24960E+00
   3.05   0.00   0.00  880.20    0.00  7.65657  0.02797  0.39635E+02  0.87125E-25  0.71496E+00  0.63565E-15  0.18051E-04  0.24969E+00
   3.05   0.00   0.00  880.20    0.00  7.72727  0.02823  0.39644E+02  0.87125E-25  0.71496E+00  0.64152E-15  0.17772E-04  0.24977E+00
   3.05   0.00   0.00  880.20    0.00  7.79798  0.02848  0.39653E+02  0.87125E-25  0.71496E+00  0.64739E-15  0.17498E-04  0.24986E+00
   3.05   0.00   0.00  880.20    0.00  7.86869  0.02874  0.39662E+02  0.87125E-25  0.71496E+00  0.65326E-15  0.17231E-04  0.24994E+00
   3.05   0.00   0.00  880.20    0.00  7.93939  0.02900  0.39671E+02  0.87125E-25  0.71496E+00  0.65913E-15  0.16969E-04  0.25002E+00
   3.05   0.00   0.00  880.20    0.00  8.01010  0.02926  0.39680E+02  0.87125E-25  0.71496E+00  0.66500E-15  0.16713E-04  0.25011E+00
   3.05   0.00   0.00  880.20    0.00  8.08081  0.02952  0.39688E+02  0.87125E-25  0.71496E+00  0.67087E-15  0.16462E-04  0.25019E+00
   3.05   0.00   0.00  880.20    0.00  8.15152  0.02978  0.39697E+02  0.87125E-25  0.71496E+00  0.67674E-15  0.16217E-04  0.25027E+00
   3.05   0.00   0.00  880.20    0.00  8.22222  0.03003  0.39706E+02  0.87125E-25  0.71496E+00  0.68261E-15  0.15976E-04  0.25035E+00
   3.05   0.00   0.00  880.20    0.00  8.29293  0.03029  0.39714E+02  0.87125E-25  0.71496E+00  0.68848E-15  0.15741E-04  0.25043E+00
   3.05   0.00   0.00  880.20    0.00  8.36364  0.03055  0.39722E+02  0.87125E-25  0.71496E+00  0.69435E-15  0.15510E-04  0.25051E+00
   3.05   0.00   0.00  880.20    0.00  8.43434  0.03081  0.39731E+02  0.87125E-25  0.71496E+00  0.70022E-15  0.15284E-04  0.25058E+00
   3.05   0.00   0.00  880.20    0.00  8.50505  0.03107  0.39739E+02  0.87125E-25  0.71496E+00  0.70609E-15  0.15063E-04  0.25066E+00
   3.05   0.00   0.00  880.20    0.00  8.57576  0.03132  0.39747E+02  0.87125E-25  0.71496E+00  0.71196E-15  0.14846E-04  0.25074E+00
   3.05   0.00   0.00  880.20    0.00  8.64646  0.03158  0.39756E+02  0.87125E-25  0.71496E+00  0.71783E-15  0.14633E-04  0.25081E+00
   3.05   0.00   0.00  880.20    0.00  8.71717  0.03184  0.39764E+02  0.87125E-25  0.71496E+00  0.72370E-15  0.14424E-04  0.25089E+00
   3.05   0.00   0.00  880.20    0.00  8.78788  0.03210  0.39772E+02  0.87125E-25  0.71496E+00  0.72957E-15  0.14220E-04  0.25096E+00
   3.05   0.00   0.00  880.20    0.00  8.85859  0.03236  0.39780E+02  0.87125E-25  0.71496E+00  0.73544E-15  0.14019E-04  0.25103E+00
   3.05   0.00   0.00  880.20    0.00  8.92929  0.03262  0.39788E+02  0.87125E-25  0.71496E+00  0.74131E-15  0.13822E-04  0.25111E+00
   3.05   0.00   0.00  880.20    0.00  9.00000  0.03287  0.39795E+02  0.87125E-25  0.71496E+00  0.74718E-15  0.13629E-04  0.25118E+00
