0.0010000000000000002 1.0000000723722111
0.0010139254075588154 1.0000000744018687
0.0010280447320933097 1.0000000764884471
0.001042360673976402 1.0000000786335432
0.0010568759711848045 1.0000000808387979
0.0010715933998226715 1.0000000831058977
0.0010865157746525386 1.0000000854365778
0.001101645949633657 1.0000000878326212
0.0011169868184678236 1.000000090295861
0.0011325413151528124 1.0000000928281816
0.0011483124145435118 1.00000009543152
0.0011643031329208774 1.000000098107868
0.0011805165285688059 1.0000001008592738
0.0011969557023590442 1.0000001036878416
0.0012136237983442406 1.0000001065957353
0.0012305240043592614 1.0000001095851803
0.0012476595526308694 1.000000112658463
0.0012650337203959033 1.0000001158179352
0.0012826498305280605 1.0000001190660135
0.001300511252173409 1.0000001224051829
0.0013186214013947487 1.0000001258379985
0.0013369837418249464 1.000000129367086
0.0013556017853293687 1.0000001329951453
0.0013744790926775376 1.0000001367249525
0.0013936192742241428 1.0000001405593604
0.001413025990599534 1.0000001445013031
0.0014327029534098312 1.0000001485537966
0.0014526539259467812 1.0000001527199402
0.001472882723907503 1.000000157002922
0.0014933932161242528 1.0000001614060183
0.0015141893253043527 1.0000001659325979
0.0015352750287804231 1.0000001705861232
0.0015566543592710623 1.0000001753701555
0.001578331405652118 1.0000001802883538
0.0016003103137387014 1.0000001853444813
0.0016225952870780882 1.0000001905424059
0.0016451905877536634 1.0000001958861038
0.0016681005372000597 1.0000002013796638
0.001691329517029649 1.0000002070272884
0.0017148819698705395 1.0000002128332983
0.0017387624002162504 1.0000002188021355
0.0017629753752872054 1.0000002249383664
0.0017875255259042348 1.0000002312466851
0.0018124175473742366 1.000000237731918
0.0018376562003881711 1.0000002443990264
0.00186324631193156 1.0000002512531108
0.0018891927762076663 1.000000258299415
0.0019155005555735276 1.00000026554333
0.0019421746814890259 1.000000272990397
0.0019692202554791724 1.000000280646314
0.001996642450109794 1.0000002885169375
0.0020244465099768043 1.000000296608289
0.002052637752709252 1.0000003049265584
0.002081221569986339 1.0000003134781104
0.002110203428568596 1.000000322269486
0.0021395888713434228 1.0000003313074115
0.002169383518385185 1.0000003405988012
0.002199593068030075 1.0000003501507635
0.0022302232979659387 1.0000003599706058
0.0022612800663372795 1.0000003700658404
0.0022927693128656505 1.0000003804441904
0.0023246970599856494 1.000000391113596
0.0023570694139967287 1.0000004020822195
0.002389892566231051 1.0000004133584521
0.002423172794237601 1.0000004249509205
0.0024569164629827923 1.0000004368684932
0.0024911300260677905 1.0000004491202876
0.0025258200269627864 1.0000004617156766
0.0025609931002584605 1.0000004746642956
0.002596655972934873 1.0000004879760516
0.0026328154656480207 1.0000005016611277
0.002669478494034321 1.0000005157299936
0.0027066520700332413 1.000000530193412
0.0027443433032283645 1.0000005450624483
0.002782559402207125 1.0000005603484767
0.002821307675939472 1.0000005760631925
0.0028605955351757428 1.000000592218617
0.002900430493863992 1.00000060882711
0.0029408201705870634 1.0000006259013765
0.002981772290019673 1.0000006434544795
0.0030232946844057783 1.000000661499847
0.003065395295056528 1.0000006800512837
0.003108082173869065 1.0000006991229822
0.0031513634848664798 1.0000007187295328
0.0031952475057592136 1.0000007388859344
0.003239742629528198 1.000000759607607
0.0032848573660300457 1.000000780910403
0.00333060034362459 1.000000802810619
0.0033769803108250926 1.0000008253250097
0.0034240061379714262 1.0000008484707974
0.003471686818926563 1.0000008722656901
0.003520031472796679 1.0000008967278906
0.003569049345675229 1.0000009218761123
0.003618749812411279 1.000000947729594
0.003669142378402492 1.0000009743081135
0.003720236681413067 1.0000010016320036
0.003772042493416998 1.0000010297221669
0.003824569722466999 1.0000010586000925
0.0038778284145894568 1.0000010882878718
0.003931828755705769 1.0000011188082158
0.003986581073580441 1.0000011501844726
0.004042095839796307 1.0000011824406447
0.004098383671757262 1.0000012156014078
0.004155455334718876 1.0000012496921296
0.004213321743847288 1.0000012847388886
0.004271993966306779 1.0000013207684957
0.0043314832233764 1.000001357808513
0.004391800892596088 1.0000013958872749
0.004452958509942657 1.000001435033912
0.004514967772036102 1.0000014752783692
0.004577840538376621 1.0000015166514338
0.004641588833612781 1.0000015591847549
0.004706224849841284 1.0000016029108696
0.004771760948938748 1.0000016478632263
0.0048382096649259585 1.0000016940762129
0.0049055837063650505 1.0000017415851807
0.004973895958790067 1.0000017904264726
0.0050431594871713625 1.00000184063745
0.005113387538414329 1.0000018922565224
0.0051845935438929154 1.0000019453231772
0.005256791122018426 1.000001999878007
0.005329994080844094 1.0000020559627434
0.00540421642070592 1.0000021136202901
0.0054794723369002915 1.0000021728947508
0.0055557762223988815 1.000002233831468
0.005633142670601355 1.0000022964770547
0.005711586478126431 1.0000023608794313
0.00579112264764176 1.0000024270878611
0.005871766390733256 1.0000024951529902
0.005953533130814369 1.0000025651268831
0.006036438506075869 1.0000026370630655
0.0061204983724767 1.0000027110165628
0.006205728806776503 1.0000027870439443
0.006292146109610345 1.0000028652033646
0.006379766808606283 1.0000029455546093
0.006468607661546327 1.0000030281591406
0.006558685659571434 1.0000031130801432
0.006650018030431123 1.0000032003825743
0.006742622241778345 1.0000032901332117
0.00683651600451024 1.0000033824007055
0.006931717276155408 1.0000034772556314
0.0070282442643083524 1.0000035747705431
0.0071261154301117515 1.0000036750200285
0.007225349491787218 1.0000037780807676
0.0073259654282152335 1.0000038840315892
0.007427982482564914 1.0000039929535327
0.00753142016597437 1.0000041049299107
0.007636298261282243 1.000004220046369
0.007742636826811269 1.0000043383909578
0.007850456200204508 1.0000044600541935
0.007959777002314983 1.0000045851291308
0.008070620141149502 1.0000047137114338
0.008183006815867392 1.000004845899449
0.008296958520834908 1.0000049817942789
0.008412497049736118 1.0000051214998609
0.008529644499741024 1.0000052651230469
0.008648423275731723 1.0000054127736835
0.00876885609458743 1.0000055645646977
0.00889096598952916 1.0000057206121822
0.009014776314524919 1.0000058810354835
0.009140310748756233 1.0000060459572944
0.009267593301146881 1.000006215503748
0.009396648314954697 1.0000063898045115
0.009527500472427295 1.0000065689928899
0.00966017479952265 1.0000067532059225
0.009794696670695397 1.0000069425844917
0.009931091813749801 1.000007137273429
0.01006938631476028 1.0000073374216252
0.010209606623060473 1.000007543182146
0.010351779556301769 1.0000077547123472
0.010495932305582281 1.000007972173995
0.010642092440647248 1.0000081957333915
0.010790287915161848 1.000008425561499
0.010940547072057435 1.0000086618340727
0.011092898648952236 1.0000089047317942
0.011247371783647526 1.0000091544404102
0.011403996019700335 1.0000094111508733
0.011562801312073769 1.0000096750594876
0.011723818032865999 1.0000099463680607
0.011887076977119044 1.0000102252840564
0.012052609368708436 1.0000105120207532
0.012220446866314894 1.0000108067974072
0.012390621569479163 1.00001110983942
0.012563166024741206 1.000011421378511
0.012738113231864788 1.0000117416528929
0.012915496650148841 1.0000120709074551
0.013095350204826675 1.0000124093939513
0.0132777082935543 1.0000127573711894
0.013462605792989104 1.0000131151052314
0.013650078065460144 1.0000134828695952
0.01384016096573132 1.0000138609454634
0.014032890847858732 1.0000142496218993
0.014228304572143533 1.0000146491960669
0.014426439512181585 1.000015059973456
0.014627333562011308 1.0000154822681186
0.014831025143361052 1.0000159164029063
0.015037553212997375 1.0000163627097178
0.015246957270175734 1.0000168215297507
0.01545927736419477 1.0000172932137648
0.015674554102055947 1.0000177781223467
0.015892828656229777 1.000018276626186
0.01611414277253019 1.00001878910636
0.01633853877809861 1.0000193159546216
0.016566059589499138 1.0000198575737
0.016796748720926534 1.000020414377607
0.017030650292528444 1.0000209867919538
0.017267809038843555 1.0000215752542743
0.017508270317357244 1.00002218021436
0.017752080117176352 1.0000228021346034
0.01799928506782477 1.0000234414903484
0.018249932448161525 1.0000240987702556
0.01850407019542302 1.0000247744766726
0.01876174691439121 1.0000254691260182
0.01902301188668945 1.0000261832491761
0.019287915080207788 1.0000269173918992
0.019556507158659496 1.0000276721152253
0.019828839491270716 1.0000284479959058
0.02010496416260499 1.0000292456268443
0.02038493398252464 1.000030065617548
0.020668802496290835 1.0000309085945938
0.02095662399480434 1.0000317752021035
0.021248453524988838 1.0000326661022367
0.02154434690031885 1.000033581975693
0.021844360711494273 1.0000345235222319
0.0221485523372636 1.000035491461205
0.022456979955397745 1.0000364865321045
0.0227697025538168 1.000037509495125
0.023086779941871697 1.0000385611317435
0.023408272761782936 1.0000396422453126
0.023734242500238676 1.0000407536616747
0.024064751500154254 1.0000418962297872
0.02439986297259551 1.00004307082237
0.024739641008868146 1.0000442783365695
0.02508415059277541 1.0000455196946416
0.025433457613046502 1.0000467958446515
0.025787628875938027 1.0000481077611956
0.026146732118010923 1.000049456446143
0.026510836019085385 1.0000508429293964
0.026880010215376067 1.0000522682696757
0.027254325312810294 1.0000537335553206
0.02763385290053171 1.0000552399051204
0.028018665564591958 1.0000567884691625
0.028408836901833042 1.0000583804297059
0.028804441533962975 1.0000600170020795
0.029205555121827473 1.0000616994356053
0.02961225437988036 1.0000634290145465
0.030024617090855504 1.0000652070590816
0.030442722120643036 1.0000670349263088
0.030866649433372747 1.000068914011273
0.03129648010670753 1.0000708457480252
0.031732296347349774 1.0000728316107113
0.03217418150676372 1.0000748731146887
0.0326222200971167 1.0000769718176759
0.03307649780744242 1.0000791293209332
0.03353710152002931 1.000081347270477
0.03400411932703708 1.0000836273583247
0.03447764054734465 1.0000859713237802
0.03495775574363276 1.0000883809547483
0.035444556739704355 1.000090858089089
0.035938136638046285 1.0000934046160115
0.03643858983763547 1.0000960224775002
0.03694601205199304 1.0000987136697868
0.037460500327489946 1.0001014802448596
0.03798215306190735 1.0001043243120156
0.03851107002325571 1.0001072480394564
0.03904735236885562 1.0001102536559248
0.0395911026646846 1.0001133434523914
0.04014242490499322 1.0001165197837865
0.040701424532194386 1.0001197850707733
0.041268208457029554 1.0001231418015832
0.04184288507901583 1.000126592533889
0.04242556430717779 1.000130139896737
0.04301635758106796 1.0001337865925306
0.043615377892080066 1.0001375353990676
0.044222739805059016 1.0001413891716358
0.0448385594802119 1.000145350845164
0.04546295469532403 1.0001494234364359
0.04609604486828434 1.0001536100463584
0.04673795107992463 1.0001579138623011
0.04738879609717655 1.0001623381604934
0.04804870439655132 1.0001668863084892
0.04871780218794633 1.0001715617677025
0.04939621743878322 1.0001763680960076
0.050084079898482126 1.0001813089504168
0.05078152112327675 1.0001863880898245
0.05148867450137496 1.0001916093778331
0.05220567527846978 1.000196976785654
0.052932660583605635 1.000202494395087
0.053669769455404776 1.0002081664015827
0.05441714286865894 1.000213997117391
0.05517492376129126 1.0002199909747889
0.05594325706169379 1.0002261525294074
0.05672228971644545 1.000232485568357
0.05751217071841614 1.0002389966180756
0.05831305113526224 1.0002456898054584
0.059125084138318795 1.0002525702147496
0.05994842503189412 1.0002596430715727
0.060783231282972326 1.0002669137468354
0.061629662551329435 1.0002743877607398
0.062487880720068945 1.0002820707869031
0.06335804992658253 1.0002899686565914
0.06424033659394196 1.0002980873630642
0.06513490946272807 1.0003064330660434
0.06604193962330308 1.0003150120962996
0.06696160054853224 1.0003238309603641
0.06789406812696112 1.0003328963453695
0.06883952069645502 1.0003422151240209
0.06979813907830665 1.0003517943597022
0.07077010661181894 1.000361641311721
0.07175560918936931 1.0003717634406952
0.07275483529196228 1.0003821684140854
0.07376797602527732 1.0003928641118782
0.07479522515621821 1.0004038586324198
0.0758367791499719 1.0004151602984106
0.07689283720758311 1.0004267776630607
0.07796360130405233 1.0004387195164104
0.07904927622696424 1.0004509948918203
0.08015006961565407 1.0004636130726388
0.08126619200091946 1.0004765835990466
0.0823978568452852 1.0004899162750855
0.0835452805838287 1.0005036211758775
0.08470868266557408 1.000517708655034
0.08588828559546254 1.0005321893522683
0.08708431497690726 1.0005470742012081
0.08829699955494093 1.000562374437418
0.08952657125996401 1.000578101606637
0.0907732652521023 1.000594267573236
0.09203731996618227 1.0006108845289001
0.09331897715733244 1.000627965001542
0.09461848194722004 1.0006455218644537
0.09593608287093149 1.0006635683457001
0.09727203192450547 1.0006821180377647
0.09862658461312829 1.0007011849074472
0.10000000000000006 1.000720783306026
0.10139254075588158 1.0007409279796906
0.10280447320933102 1.0007616340802465
0.10423606739764024 1.0007829171761051
0.10568759711848041 1.0008047932635644
0.10715933998226711 1.0008272787783825
0.10865157746525382 1.0008503906076611
0.11016459496336566 1.0008741461020372
0.11169868184678232 1.0008985630881952
0.11325413151528119 1.00092365988171
0.11483124145435113 1.0009494553002223
0.11643031329208768 1.0009759686769586
0.11805165285688053 1.0010032198746077
0.11969557023590437 1.0010312292995545
0.12136237983442412 1.001060017916485
0.1230524004359262 1.0010896072633753
0.124765955263087 1.00112001946686
0.1265033720395904 1.00115127725801
0.1282649830528061 1.001183403988509
0.13005112521734094 1.0012164236472527
0.13186214013947492 1.001250360877374
0.13369837418249472 1.0012852409937067
0.13556017853293692 1.0013210900006992
0.13744790926775383 1.0013579346107842
0.13936192742241432 1.0013958022632223
0.14130259905995346 1.0014347211434254
0.14327029534098318 1.001474720202772
0.1452653925946782 1.0015158291789301
0.14728827239075037 1.001558078616693
0.14933932161242536 1.0016014998893457
0.15141893253043534 1.001646125220572
0.15352750287804226 1.001691987706914
0.15566543592710616 1.0017391213407982
0.15783314056521175 1.0017875610341427
0.16003103137387006 1.0018373426425533
0.16225952870780874 1.0018885029901297
0.16451905877536627 1.0019410798948887
0.1668100537200059 1.0019951121948234
0.16913295170296483 1.0020506397746092
0.171488196987054 1.002107703592976
0.17387624002162513 1.0021663457107526
0.17629753752872063 1.0022266093196108
0.17875255259042355 1.0022885387715117
0.18124175473742374 1.002352179608881
0.1837656200388172 1.0024175785955207
0.1863246311931561 1.002484783748278
0.1889192776207667 1.002553844369489
0.19155005555735286 1.0026248110802067
0.19421746814890267 1.0026977358542408
0.19692202554791735 1.002772672053016
0.19966424501097949 1.0028496744721824
0.20244465099768053 1.002928799333531
0.20526377527092532 1.0030101043909274
0.20812215699863398 1.003093648921969
0.2110203428568597 1.003179493779146
0.21395888713434236 1.003267701430022
0.21693835183851862 1.0033583359983642
0.21995930680300763 1.0034514633062472
0.22302232979659378 1.0035471509171445
0.2261280066337278 1.003645468180034
0.22927693128656496 1.0037464862745307
0.2324697059985648 1.0038502782570773
0.23570694139967277 1.0039569191081985
0.23898925662310497 1.004066485780855
0.24231727942375997 1.0041790572499085
0.24569164629827914 1.0042947145627232
0.24911300260677893 1.0044135408909247
0.2525820026962785 1.004535621584468
0.25609931002584596 1.0046610442214712
0.2596655972934872 1.0047898986696604
0.2632815465648022 1.004922277139208
0.26694784940343225 1.0050582742414713
0.27066520700332425 1.0051979870481602
0.2744343303228366 1.00534151515182
0.2782559402207126 1.0054889607276503
0.28213076759394734 1.0056404285966891
0.2860595535175744 1.0057960262903758
0.2900430493863993 1.005955864116527
0.29408201705870646 1.0061200552267437
0.2981772290019674 1.0062887156852733
0.30232946844057795 1.0064619645393518
0.30653952950565294 1.0066399238910517
0.3108082173869066 1.0068227189706578
0.3151363484866481 1.0070104782115934
0.3195247505759215 1.0072033333269284
0.32397426295281967 1.0074014193874825
0.32848573660300445 1.007604874901561
0.33306003436245885 1.0078138418963334
0.3376980310825091 1.008028466000893
0.3424006137971425 1.0082488965310097
0.34716868189265615 1.00847528657561
0.352003147279668 1.0087077930850001
0.35690493456752304 1.0089465769608625
0.36187498124112805 1.0091918031480482
0.36691423784024935 1.0094436407281842
0.3720236681413069 1.0097022630151251
0.3772042493417 1.009967847652272
0.38245697224670006 1.010240576711769
0.3877828414589458 1.0105206367956725
0.3931828755705771 1.0108082191388894
0.39865810735804424 1.011103519714289
0.4042095839796309 1.011406739339656
0.4098383671757264 1.0117180837866757
0.4155455334718877 1.0120377638919436
0.42133217438472903 1.0123659956700142
0.42719939663067813 1.012703000428514
0.4331483223376403 1.0130490048853376
0.43918008925960894 1.013404241287941
0.44529585099426583 1.0137689475347607
0.4514967772036104 1.0141433673565723
0.45778405383766224 1.0145277501992929
0.46415888336127825 1.0149223516993449
0.4706224849841282 1.0153274336968117
0.4771760948938745 1.0157432641956126
0.4838209664925956 1.0161701176707563
0.49055837063650487 1.0166082751589594
0.4973895958790065 1.017058024397622
0.504315948717136 1.0175196599660605
0.5113387538414327 1.017993483429014
0.5184593543892912 1.0184798034824234
0.5256791122018424 1.0189789361015051
0.5329994080844092 1.0194912046911195
0.5404216420705917 1.0200169402384418
0.5479472336900288 1.0205564814679458
0.5555776222398878 1.0211101749986988
0.5633142670601358 1.021678375503979
0.5711586478126434 1.022261445873208
0.5791122647641762 1.0228597573762088
0.5871766390733258 1.0234736898297838
0.5953533130814372 1.024103631766612
0.6036438506075871 1.0247499806064613
0.6120498372476703 1.025413142829715
0.6205728806776506 1.026093534153202
0.6292146109610348 1.0267915797083256
0.6379766808606285 1.027507714221482
0.646860766154633 1.0282423821967561
0.6558685659571437 1.0289960381008838
0.6650018030431125 1.0297691465504653
0.6742622241778348 1.0305621825014173
0.6836516004510237 1.03137563144064
0.6931717276155405 1.0322099895798875
0.7028244264308349 1.0330657640518144
0.7126115430111748 1.0339434731081802
0.7225349491787215 1.0348436463201842
0.7325965428215231 1.035766824780905
0.7427982482564918 1.0367135613098184
0.7531420165974373 1.0376844206593616
0.7636298261282246 1.0386799797235107
0.7742636826811272 1.0397008277483415
0.7850456200204511 1.0407475665445323
0.7959777002314986 1.041820810701778
0.8070620141149506 1.0429211878050675
0.8183006815867395 1.0440493386527918
0.8296958520834912 1.0452059174766317
0.8412497049736122 1.0463915921631834
0.8529644499741027 1.0476070444772767
0.8648423275731727 1.048852970286932
0.8768856094587435 1.0501300797899102
0.8890965989529165 1.0514390977417962
0.9014776314524923 1.052780763685572
0.9140310748756236 1.0541558321826114
0.9267593301146886 1.0555650730450465
0.9396648314954701 1.0570092715694441
0.9527500472427299 1.05848922877173
0.9660174799522654 1.0600057616232983
0.9794696670695402 1.0615597032882442
0.9931091813749796 1.0631519033616517
1.0069386314760276 1.0647832281093506
1.0209606623060468 1.066454560706144
1.0351779556301763 1.0681668014798873
1.0495932305582276 1.0699208681512464
1.0642092440647244 1.071717696076463
1.0790287915161842 1.0735582384917781
1.094054707205743 1.07544346675524
1.1092898648952232 1.0773743705922583
1.1247371783647522 1.0793519583399036
1.140399601970033 1.0813772571918883
1.1562801312073763 1.083451313443809
1.1723818032865994 1.0855751927385828
1.1887076977119038 1.0877499803119892
1.205260936870843 1.0899767812382546
1.222044686631489 1.092256720675595
1.239062156947917 1.0945909441116464
1.2563166024741212 1.0969806176087065
1.2738113231864794 1.0994269280487157
1.2915496650148848 1.1019310833779028
1.3095350204826681 1.104494312851025
1.3277708293554307 1.1071178672751305
1.346260579298911 1.109803019252777
1.365007806546015 1.1125510634246336
1.3840160965731325 1.1153633167114079
1.4032890847858739 1.1182411185550296
1.422830457214354 1.1211858311590284
1.442643951218158 1.1241988397280531
1.4627333562011302 1.1272815527064715
1.4831025143361045 1.1304354020159941
1.503755321299738 1.1336618432922845
1.524695727017574 1.1369623561204938
1.5459277364194777 1.140338444269685
1.5674554102055955 1.1437916359261089
1.5892828656229783 1.1473234839252888
1.61141427725302 1.1509355659828793
1.6338538778098617 1.1546294849243346
1.6566059589499147 1.1584068689131914
1.679674872092654 1.1622693716781902
1.703065029252845 1.166218672739036
1.7267809038843562 1.170256477630867
1.7508270317357253 1.1743845181274193
1.7752080117176359 1.1786045524628883
1.7999285067824777 1.1829183655525017
1.8249932448161534 1.1873277692118152
1.8504070195423028 1.1918346023747597
1.876174691439122 1.1964407313104612
1.9023011886689458 1.2011480498388813
1.9287915080207796 1.2059584795453073
1.9556507158659506 1.2108739699937523
1.9828839491270727 1.2158964989393197
2.0104964162605 1.2210280725395972
2.0384933982524647 1.2262707255651466
2.0668802496290843 1.2316265216091817
2.095662399480433 1.2370975532965103
2.1248453524988826 1.2426859424918437
2.154434690031884 1.2483938405075707
2.1844360711494275 1.2542234283111162
2.21485523372636 1.260176916732
2.2456979955397744 1.2662565466687212
2.27697025538168 1.2724645892956123
2.3086779941871693 1.2788033462698045
2.3408272761782936 1.285275149938453
2.373424250023868 1.2918823635463965
2.4064751500154253 1.2986273814444091
2.439986297259551 1.3055126292982313
2.4739641008868145 1.3125405642985633
2.508415059277541 1.3197136753722174
2.5433457613046504 1.3270344833946381
2.5787628875938027 1.3345055414039924
2.6146732118010934 1.3421294348170598
2.6510836019085398 1.3499087816471427
2.688001021537608 1.3578462327242453
2.7254325312810304 1.3659444719177443
2.763385290053172 1.3742062163618256
2.8018665564591974 1.3826342166839307
2.8408836901833054 1.391231257236483
2.880444153396299 1.4000001563321691
2.9205555121827484 1.4089437664830493
2.9612254379880376 1.4180649746437917
3.002461709085549 1.4273667024593109
3.044272212064302 1.436851906517125
3.0866649433372735 1.4465235786047161
3.129648010670752 1.456384745972219
3.173229634734977 1.4664384716007484
3.217418150676372 1.4766878544766795
3.2622220097116696 1.48713602987221
3.3076497807442418 1.4977861696325314
3.353710152002931 1.5086414824699363
3.4004119327037077 1.519705214265206
3.4477640547344652 1.5309806483766024
3.4957755743632757 1.5424711059568197
3.5444556739704356 1.5541799462782282
3.593813663804629 1.5661105670667572
3.643858983763547 1.578266404844763
3.6946012051993042 1.5906509352832345
3.7460500327489945 1.6032676735636713
3.798215306190737 1.6161201747499956
3.851107002325573 1.6292120341708367
3.9047352368855637 1.6425468878125387
3.9591102664684614 1.656128412723233
4.014242490499324 1.669960327428333
4.07014245321944 1.684046392357772
4.126820845702957 1.6983904102853478
4.184288507901585 1.7129962267804915
4.242556430717781 1.727867730672815
4.301635758106798 1.7430088545297537
4.3615377892080085 1.7584235751476385
4.422273980505904 1.774115914056518
4.483855948021192 1.790089938039062
4.546295469532405 1.8063497596638378
4.609604486828438 1.8228995378333006
4.673795107992468 1.8397434783467683
4.738879609717658 1.8568858344787054
4.8048704396551365 1.8743309075726076
4.871780218794638 1.8920830476507462
4.939621743878327 1.910146654040098
5.008407989848218 1.9285261760146934
5.07815211232768 1.9472261134546742
5.148867450137501 1.9662510175223142
5.220567527846983 1.9856054913552563
5.293266058360559 2.0052941907772106
5.366976945540473 2.025321825026367
5.4417142868658885 2.045693157501718
5.517492376129123 2.0664130065275614
5.594325706169377 2.087486246136373
5.672228971644542 2.1089178068702585
5.751217071841611 2.1307126766011955
5.831305113526221 2.152875901370259
5.912508413831877 2.17541258624601
5.9948425031894095 2.1983278962022386
6.07832312829723 2.2216270570152186
6.1629662551329405 2.2453153561806607
6.248788072006892 2.2693981438504993
6.33580499265825 2.293880833789682
6.424033659394192 2.318768904353098
6.513490946272803 2.3440678994827966
6.604193962330305 2.3697834297256017
6.6961600548532205 2.3959211732712844
6.78940681269611 2.4224868770113854
6.8839520696455 2.4494863576188237
6.979813907830662 2.4769255026483843
7.07701066118189 2.5048102716582084
7.175560918936928 2.5331466973523717
7.275483529196231 2.5619408867446603
7.376797602527736 2.591199022343635
7.479522515621825 2.620927363359063
7.583677914997193 2.6511322469298237
7.689283720758315 2.681820089373363
7.796360130405237 2.7129973874567685
7.904927622696428 2.7446707196895677
8.01500696156541 2.7768467476383116
8.12661920009195 2.809532217263031
8.239785684528522 2.8427339602756354
8.354528058382874 2.87645889552034
8.470868266557412 2.9107140303761945
8.588828559546258 2.9455064621817897
8.70843149769073 2.980843379682232
8.829699955494096 3.0167320644984468
8.952657125996405 3.053179892618923
9.077326525210236 3.090194335913951
9.203731996618231 3.12778296367247
9.331897715733247 3.165953444161609
9.461848194722009 3.2047135462089984
9.593608287093152 3.2440711408079794
9.72720319245055 3.2840342027457945
9.862658461312833 3.3246108122548876
10.00000000000001 3.365809156687387
10.139254075588163 3.4076375322129513
10.280447320933106 3.450104345540048
10.423606739764029 3.493218115660821
10.568759711848054 3.5369874756196897
10.715933998226726 3.5814211743058095
10.865157746525396 3.626528078269554
11.01645949633658 3.672317173563173
11.169868184678226 3.7187975676058063
11.325413151528114 3.7659784910730276
11.483124145435108 3.8138692998110506
11.643031329208762 3.862479476775882
11.805165285688048 3.9118186339975525
11.969557023590431 3.9618965145696534
12.136237983442406 4.012722994664402
12.305240043592615 4.064308085573464
12.476595526308694 4.116661935774769
12.650337203959033 4.169794833025563
12.826498305280605 4.223717206481963
13.00511252173409 4.278439628845269
13.186214013947486 4.3339728185353374
13.369837418249466 4.390327641891259
13.556017853293685 4.447515115399689
13.744790926775375 4.505546407951095
13.936192742241428 4.564432843124278
14.13025990599534 4.624185901499467
14.32702953409831 4.684817223000356
14.526539259467812 4.746338609265389
14.728827239075029 4.808762026048714
14.933932161242527 4.872099605651142
15.141893253043527 4.936363649381479
15.352750287804232 5.001566630048677
15.566543592710623 5.067721194485157
15.783314056521181 5.134840166101753
16.003103137387015 5.202936547474694
16.225952870780883 5.272023522965039
16.451905877536632 5.342114461371065
16.681005372000598 5.413222918614005
16.91329517029649 5.48536264045766
17.14881969870541 5.55854756526233
17.387624002162518 5.6327918267735715
17.62975375287207 5.708109756946274
17.875255259042365 5.784515888804576
18.124175473742383 5.862024959338143
18.376562003881727 5.940651912435353
18.632463119315616 6.020411901853879
18.89192776207668 6.101320294229318
19.155005555735293 6.183392672122334
19.421746814890277 6.266644837104982
19.69220255479174 6.351092812886698
19.966424501097958 6.436752848480673
20.24446509976806 6.523641421411091
20.52637752709254 6.611775240961966
20.81221569986341 6.701171251468115
21.102034285685978 6.791846635648966
21.395888713434246 6.883818817985809
21.69383518385187 6.977105468143188
21.995930680300773 7.0717245044350845
22.302232979659408 7.167694097336536
22.612800663372813 7.265032673041482
22.927693128656525 7.363758917067407
23.246970599856514 7.463891777907614
23.570694139967266 7.565450470731747
23.898925662310486 7.668454481135439
24.231727942375986 7.772923568939573
24.569164629827903 7.878877772040234
24.91130026067788 7.986337410309864
25.25820026962784 8.09532308955052
25.60993100258458 8.205855705499962
25.96655972934871 8.317956447891412
26.328154656480205 8.431646804567773
26.694784940343208 8.546948565651117
27.06652070033241 8.663883827768274
27.443433032283647 8.782474998333374
27.825594022071247 8.902744799888213
28.21307675939472 9.024716274501246
28.605955351757427 9.148412788226125
29.00430493863992 9.27385803562069
29.408201705870635 9.401076044327242
29.817722900196728 9.530091179715074
30.232946844057782 9.660928149586143
30.65395295056528 9.793612008944825
31.08082173869065 9.928168164832714
31.513634848664797 10.06462238122939
31.952475057592135 10.203000784020162
32.39742629528198 10.34332986603174
32.84857366030046 10.485636492136852
33.3060034362459 10.629947904428807
33.769803108250926 10.776291727467004
34.24006137971426 10.92469597359446
34.71686818926563 11.075189048328385
35.20031472796682 11.227799755824842
35.69049345675232 11.382557304418631
36.18749812411282 11.539491312239415
36.69142378402495 11.698631812905202
37.202366814130706 11.860009261294385
37.72042493417001 12.02365453939733
38.245697224670025 12.189598962248807
38.7782841458946 12.35787428394228
39.31828755705772 12.528512703727362
39.865810735804445 12.70154687219156
40.420958397963105 12.877009897527488
40.98383671757266 13.054935351886876
41.55455334718879 13.235357277822489
42.13321743847292 13.418310194819316
42.719939663067834 13.603829105916232
43.314832233764044 13.791949504419453
43.91800892596091 13.982707380709085
44.529585099426605 14.176139229140116
45.14967772036106 14.372282055039086
45.77840538376624 14.571173381797989
46.41588833612785 14.772851258066554
47.062248498412885 14.977354265044506
47.71760948938752 15.184721523875039
48.38209664925962 15.3949927031411
49.05583706365055 15.608208026465825
49.738959587900624 15.824408280218568
50.43159487171358 16.043634821328304
51.133875384143245 16.26592958520531
51.845935438929104 16.491335093773348
52.56791122018421 16.719894463613507
53.29994080844089 16.951651414221285
54.04216420705915 17.186650276378636
54.79472336900286 17.42493600064254
55.55776222398876 17.6665541659517
56.33142670601355 17.911550988353063
57.115864781264314 18.159973329849855
57.911226476417596 18.411868707372825
58.71766390733256 18.66728530187637
59.5353313081437 18.9262719675614
60.364385060758686 19.18887824122664
61.204983724767004 19.455154351750163
62.05728806776503 19.72515122970303
62.92146109610346 19.998920517096884
63.79766808606283 20.276514577267257
64.68607661546326 20.557986504894714
65.58685659571434 20.843390136165485
66.50018030431123 21.132780059073784
67.42622241778345 21.426211623867623
68.3651600451024 21.723740953640245
69.31717276155408 22.025424955069116
70.28244264308353 22.331321329304565
71.26115430111751 22.64148858301024
72.25349491787219 22.955986039557377
73.25965428215234 23.274873850375105
74.2798248256492 23.598213006458963
75.31420165974377 23.926065350039767
76.36298261282249 24.258493586415188
77.42636826811277 24.595561295946204
78.50456200204515 24.937332946220724
79.59777002314989 25.283873904386866
80.7062014114951 25.635250449657985
81.830068158674 25.99152978599217
82.96958520834914 26.352780054948333
84.12497049736126 26.71907034872157
85.2964449974103 27.090470723360216
86.48423275731732 27.46705221216712
87.68856094587439 27.84888683928762
88.90965989529168 28.236047633487143
90.14776314524927 28.6286086421206
91.40310748756241 29.026644945296578
92.6759330114689 29.43023267023905
93.96648314954706 29.83944900584912
95.27500472427303 30.25437221746981
96.60174799522657 30.675081661856602
97.94696670695406 31.101657802356698
99.31091813749809 31.53418222429974
100.69386314760288 31.972737650603133
102.09606623060482 32.41740795759482
103.51779556301777 32.86827819105659
104.95932305582271 33.325434582490935
106.4209244064724 33.788964565614904
107.90287915161838 34.25895679308323
109.40547072057424 34.735501153445085
110.92898648952226 35.218688788336976
112.47371783647516 35.708612109915116
114.03996019700325 36.20536481853091
115.62801312073758 36.709041920652616
117.23818032865988 37.21973974703694
118.87076977119033 37.73755597115361
120.52609368708424 38.262589627866944
122.20446866314883 38.79494113237767
123.90621569479163 39.334712299428574
125.63166024741207 39.88200636277793
127.38113231864787 40.436927994944305
129.15496650148842 40.99958332722635
130.95350204826676 41.57007997000159
132.777082935543 42.148527033308255
134.62605792989103 42.73503514771356
136.50078065460144 43.32971648547311
138.4016096573132 43.9326847819848
140.32890847858732 44.54405535754192
142.28304572143531 45.16394513938922
144.26439512181585 45.79247268408627
146.27333562011307 46.42975820018241
148.31025143361052 47.07592357120774
150.3755321299739 47.73109237898424
152.46957270175747 48.39538992726187
154.59277364194784 49.06894326568385
156.7455410205596 49.75188121408579
158.9282865622979 50.44433438713357
161.14142772530207 51.14643521930418
163.38538778098626 51.858317990214836
165.66059589499153 52.58011885030477
167.96748720926547 53.311975846875065
170.30650292528458 54.05402895049086
172.67809038843572 54.80642008175175
175.0827031735726 55.569293138435015
177.52080117176365 56.34279402301684
179.99285067824786 57.12707067057699
182.49932448161542 57.92227307709242
185.04070195423037 58.72855332812465
187.61746914391227 59.54606562790716
190.23011886689468 60.37496632883767
192.87915080207804 61.2154139613814
195.56507158659514 62.067569264390926
198.28839491270733 62.931595215848176
201.0496416260501 63.807657064035
203.84933982524655 64.69592235913755
206.68802496290851 65.59656098529122
209.5662399480436 66.50974519307174
212.48453524988855 67.43564963243891
215.44346900318868 68.37445138613938
218.44360711494303 69.3263300035744
221.48552337263592 70.29146753513945
224.56979955397736 71.27004856704261
227.6970255381679 72.26226025660696
230.86779941871686 73.26829236806557
234.08272761782928 74.28833730885466
237.34242500238665 75.32259016641252
240.64751500154242 76.37124874549067
243.99862972595497 77.43451360598495
247.39641008868134 78.51258810129347
250.84150592775399 79.60567841720882
254.3345761304649 80.71399361135191
257.87628875938015 81.83774565315528
261.4673211801092 82.97714946440294
265.10836019085383 84.1324229603352
268.8001021537607 85.30378709132584
272.54325312810295 86.49146588513968
276.33852900531707 87.69568648977899
280.1866556459196 88.91667921692621
284.0883690183304 90.15467758599236
288.0444153396297 91.40991836877815
292.05555121827473 92.68264163475783
296.12254379880363 93.97309079699332
300.24617090855503 95.281512658688
304.4272212064304 96.6081574603887
308.6664943337275 97.95327892784528
312.9648010670753 99.31713432053657
317.32296347349785 100.69998448087239
321.74181506763733 102.10209388408065
326.2222009711671 103.52373068878916
330.76497807442433 104.96516678831215
335.37101520029324 106.42667786265075
340.0411932703709 107.90854343121805
344.7764054734467 109.41104690629822
349.5775574363277 110.93447564725004
354.4455673970437 112.47912101546562
359.381366380463 114.04527843009443
364.3858983763549 115.63324742454314
369.4601205199306 117.2433317037629
374.6050032748996 118.87583920233351
379.8215306190739 120.5310821433576
385.11070023255746 122.20937709817426
390.4735236885565 123.91104504690445
395.9110266468463 125.63641143983985
401.4242490499326 127.38580625968623
407.0142453219442 129.15956408467403
412.6820845702959 130.9580241525478
418.42885079015866 132.7815304254465
424.2556430717783 134.6304316556876
430.16357581068 136.50508145246732
436.153778920801 138.40583834948978
442.2273980505905 140.33306587353775
448.3855948021194 142.28713261399866
454.62954695324066 144.26841229335864
460.960448682844 146.27728383867827
467.3795107992461 148.31413145406367
473.88796097176527 150.37934469414802
480.48704396551295 152.4733185385935
487.1780218794631 154.59645346763406
493.96217438783196 156.74915553866833
500.84079898482105 158.93183646391944
507.8152112327673 161.14491368917683
514.8867450137494 163.38881047363407
522.0567527846976 165.66395597083877
529.3266058360562 167.97078531077
536.6976945540475 170.30973968305832
544.1714286865891 172.681266421365
551.7492376129126 175.0858190889361
559.4325706169379 177.52385756534855
567.2228971644545 179.99584813446333
575.1217071841613 182.50226357360418
583.1305113526224 185.0435832439783
591.2508413831879 187.6202931823553
599.4842503189412 190.2328861940242
607.8323128297233 192.88186194704394
616.2966255132943 195.56772706780674
624.8788072006895 198.29099523793252
633.5804992658253 201.05218729251203
642.4033659394196 203.85183131971885
651.3490946272807 206.69046276180794
660.4193962330307 209.56862451752104
669.6160054853224 212.48686704591836
678.9406812696113 215.44574847165532
688.3952069645502 218.4458346917264
697.9813907830666 221.48769948369485
707.7010661181894 224.57192461543013
717.5560918936932 227.69909995637235
727.5483529196234 230.86982359034815
737.6797602527739 234.08470192995523
747.9522515621828 237.34434983254178
758.3677914997196 240.6493907178
768.9283720758318 244.00045668699767
779.6360130405241 247.39818864386925
790.4927622696431 250.84323641719155
801.5006961565414 254.33625888506592
812.6619200091953 257.87792410093095
823.9785684528526 261.4689094213301
835.4528058382876 265.10990163545875
847.0868266557414 268.80159709651537
858.882855954626 272.5447018548811
870.8431497690734 276.33993179315524
882.9699955494101 280.1880127630696
895.2657125996408 284.089680724311
907.7326525210239 288.0456818852758
920.3731996618235 292.0567728457858
933.1897715733252 296.1237207417896
946.1848194722013 300.24730339208105
959.3608287093157 304.42830944705963
972.7203192450555 308.66753853956277
986.2658461312819 312.9658014377982
999.9999999999998 317.32392020040834
